	8	9	10	13	15							
		4		5		6		7				
			2			3						
				1								
				
			8	
		4	9	
	2		10	
1		5	13	
			15	
	3	6		
				
		7		
				
				
				
							1					
					3			2				
			7		6		5		4			
						15	13	10	9	8		
				
				
				
	7			
				
	6	3		
15				
13	5		1	
10		2		
9	4			
8				
				
	8	9	10	13	15							
		4		5		6		7				
			2			3						
				1								
				
			8	
		4	9	
	2		10	
1		5	13	
			15	
	3	6		
				
		7		
				
				
				
							1					
					3			2				
			7		6		5		4			
						15	13	10	9	8		
				
				
				
	7			
				
	6	3		
15				
13	5		1	
10		2		
9	4			
8				
				
	8	9	10	13	15							
		4		5		6		7				
			2			3						
				1								
				
			8	
		4	9	
	2		10	
1		5	13	
			15	
	3	6		
				
		7		
				
				
				
							1					
					3			2				
			7		6		5		4			
						15	13	10	9	8		
				
				
				
	7			
				
	6	3		
15				
13	5		1	
10		2		
9	4			
8				
				
	8	9	10	13	15							
		4		5		6		7				
			2			3						
				1								
			
		4	
	2	5	
1			
	3		
			
		1				
	3		2			
			5	4		
			
	3		
		1	
5	2		
4			
			
	4	5				
		2		3		
			1			
			
		4	
	2	5	
1			
	3		
			
		1				
	3		2			
			5	4		
			
	3		
		1	
5	2		
4			
			
	4	5				
		2		3		
			1			
			
		4	
	2	5	
1			
	3		
			
		1				
	3		2			
			5	4		
			
	3		
		1	
5	2		
4			
			
	4	5				
		2		3		
			1			
			
		4	
	2	5	
1			
	3		
			
		1				
	3		2			
			5	4		
			
	3		
		1	
5	2		
4			
			
	4	5				
		2		3		
			1			
			
		4	
	2	5	
1			
	3		
			
		1				
	3		2			
			5	4		
			
	3		
		1	
5	2		
4			
			
	4	5				
		2		3		
			1			
			
		4	
	2	5	
1			
	3		
			
		1				
	3		2			
			5	4		
			
	3		
		1	
5	2		
4			
			
	4	5				
		2		3		
			1			
			
		4	
	2	5	
1		99	
	3	99	
			
		1				
	3		2			
	99	99	5	4		
			
99	3		
99		1	
5	2		
4			
			
	4	5	99	99		
		2		3		
			1			
			
		4	
	2	5	
1		99	
	3	99	
			
		1				
	3		2			
	99	99	5	4		
			
99	3		
99		1	
5	2		
4			
			
	4	5	99	99		
		2		3		
			1			
			
		4	
	2	5	
1		6	
	3	99	
			
		1				
	3		2			
	99	6	5	4		
			
99	3		
6		1	
5	2		
4			
			
	4	5	6	99		
		2		3		
			1			
			
		4	
	2	5	
1		6	
	3		
			
		1				
	3		2			
		6	5	4		
			
	3		
6		1	
5	2		
4			
			
	4	5	6			
		2		3		
			1			
			
		4	
	2	5	
1		6	
	3		
			
		1				
	3		2			
		6	5	4		
			
	3		
6		1	
5	2		
4			
			
	4	5	6			
		2		3		
			1			
			
		4	
	2	5	
1		6	
	3		
			
		1				
	3		2			
		6	5	4		
			
	3		
6		1	
5	2		
4			
			
	4	5	6			
		2		3		
			1			
			
		4	
	2	5	
1		6	
	3		
			
		1				
	3		2			
		6	5	4		
			
	3		
6		1	
5	2		
4			
			
	4	5	6			
		2		3		
			1			
			
		4	
	2	5	
1		6	
	3		
			
		1				
	3		2			
		6	5	4		
			
	3		
6		1	
5	2		
4			
			
	4	5	6			
		2		3		
			1			
			
		4	
	2	5	
1		6	
	3		
			
		1				
	3		2			
		6	5	4		
			
	3		
6		1	
5	2		
4			
			
	4	5	6			
		2		3		
			1			
			
		4	
	2	5	
1		6	
	3		
			
		1				
	3		2			
		6	5	4		
			
	3		
6		1	
5	2		
4			
			
	4	5	6			
		2		3		
			1			
				
			8	
		4	9	
	2		10	
1		5	13	
			15	
	3	6		
				
		7		
				
				
				
							1					
					3			2				
			7		6		5		4			
						15	13	10	9	8		
				
				
				
	7			
				
	6	3		
15				
13	5		1	
10		2		
9	4			
8				
				
	8	9	10	13	15							
		4		5		6		7				
			2			3						
				1								
				
			8	
		4	9	
	2		10	
1		5	13	
			15	
	3	6		
				
		7		
				
				
				
							1					
					3			2				
			7		6		5		4			
						15	13	10	9	8		
				
				
				
	7			
				
	6	3		
15				
13	5		1	
10		2		
9	4			
8				
				
	8	9	10	13	15							
		4		5		6		7				
			2			3						
				1								
				
			8	
		4	9	
	2		10	
1		5	13	
			15	
	3	6		
				
		7		
				
				
				
							1					
					3			2				
			7		6		5		4			
						15	13	10	9	8		
				
				
				
	7			
				
	6	3		
15				
13	5		1	
10		2		
9	4			
8				
				
	8	9	10	13	15							
		4		5		6		7				
			2			3						
				1								
				
			8	
		4	9	
	2		10	
1		5	13	
			15	
	3	6		
				
		7		
				
				
				
							1					
					3			2				
			7		6		5		4			
						15	13	10	9	8		
				
				
				
	7			
				
	6	3		
15				
13	5		1	
10		2		
9	4			
8				
				
	8	9	10	13	15							
		4		5		6		7				
			2			3						
				1								
			
		4	
	2	5	
1		6	
	3		
			
		1				
	3		2			
		6	5	4		
			
	3		
6		1	
5	2		
4			
			
	4	5	6			
		2		3		
			1			
			
			
	2	4	
1		5	
	3		
			
		1				
	3		2			
		5	4			
			
	3		
5		1	
4	2		
			
			
		4	5			
		2		3		
			1			
			
		99	
	2	4	
1		5	
	3	6	
			
		1				
	3		2			
	6	5	4	99		
			
6	3		
5		1	
4	2		
99			
			
	99	4	5	6		
		2		3		
			1			
				
			9	
		8	10	
	2		13	
1		4	15	
				
	3	5		
				
		6		
				
				
				
							1					
					3			2				
			6		5		4		8			
							15	13	10	9		
				
				
				
	6			
				
	5	3		
				
15	4		1	
13		2		
10	8			
9				
				
	9	10	13	15								
		8		4		5		6				
			2			3						
				1								
				
			9	
		8	10	
	2		13	
1		4	15	
				
	3	5		
				
		6		
				
				
				
							1					
					3			2				
			6		5		4		8			
							15	13	10	9		
				
				
				
	6			
				
	5	3		
				
15	4		1	
13		2		
10	8			
9				
				
	9	10	13	15								
		8		4		5		6				
			2			3						
				1								
			
		4	
	2	5	
1		6	
	3		
			
		1				
	3		2			
		6	5	4		
			
	3		
6		1	
5	2		
4			
			
	4	5	6			
		2		3		
			1			
